mild_climate = {
	farm_rgo_size = 0.0
	farm_rgo_eff = 0.0
	mine_rgo_size = 0.0
	mine_rgo_eff = 0.0
	immigrant_attract = 1000
	global_immigrant_attract = 0.05
}

temperate_climate = {
	farm_rgo_size = 0.0
	farm_rgo_eff = 0.0
	mine_rgo_size = 0.0
	mine_rgo_eff = 0.0
	global_immigrant_attract = 0.01
}

harsh_climate = {
	farm_rgo_size = 0.0
	farm_rgo_eff = -0.75
	mine_rgo_size = 0.0
	mine_rgo_eff = 0.0
	max_attrition = 5
	immigrant_attract = -0.999
	supply_limit = -5
}

inhospitable_climate = {
	farm_rgo_size = 0.0
	farm_rgo_eff = -0.9
	mine_rgo_size = 0.0
	mine_rgo_eff = 0.0
	max_attrition = 10
	immigrant_attract = -0.99999
	supply_limit = -10
}

mild_climate = {
	2 13 14 78 81 84 85 86 87 88 89 90 120 123 126 128 129 130 131 132 133 134 137 139 140 141 142 143 144 145 146 147 148 149 150 151 152 153 154 155 156 157 159 162 163 164 165 166 167 168 169 170 171 172 173 174 175 178 179 180 181 182 183 184 185 186 187 188 189 190 191 192 193 194 195 196 197 198 199 200 201 202 204 205 206 207 208 209 210 211 212 213 214 215 216 217 218 219 220 221 222 223 224 225 226 227 229 230 231 232 233 234 236 241 242 243 244 245 254 255 256 257 258 259 260 261 262 263 264 265 266 267 267 268 269 270 271 272 273 274 275 276 277 278 279 280 281 282 283 284 285 286 287 288 289 290 291 292 293 294 295 296 297 298 299 300 301 302 303 304 308 309 337 347 368 369 370 371 373 375 376 377 378 379 381 382 383 384 385 386 387 388 389 390 391 392 394 395 397 398 399 400 401 402 403 404 405 406 407 408 409 410 411 412 413 414 415 416 417 418 419 420 421 422 423 424 425 426 427 428 429 430 431 432 433 434 435 436 437 438 439 440 441 442 443 444 445 446 447 448 449 450 451 452 453 454 455 456 457 458 459 460 461 462 463 464 465 466 467 468 469 470 471 472 473 474 475 476 477 478 479 482 484 486 492 493 494 498 499 502 509 510 511 512 513 514 516 517 518 519 520 521 522 523 524 525 526 527 528 529 530 531 532 534 536 537 538 539 540 542 543 550 553 564 565 567 569 570 571 572 573 575 576 577 578 579 580 581 582 585 586 587 589 596 607 608 609 617 620 621 658 679 704 710 720 721 722 723 724 725 726 727 728 729 730 731 732 733 734 735 736 737 738 739 740 741 742 743 744 745 746 747 748 749 750 751 752 753 754 755 756 757 758 759 760 761 761 762 763 764 765 766 770 771 777 778 779 780 781 782 788 791 792 793 794 800 805 814 815 816 817 819 820 821 822 823 824 825 826 827 828 829 830 831 833 834 835 836 837 838 839 840 841 842 843 844 845 846 847 848 849 850 851 852 853 854 855 856 857 858 859 860 862 863 864 865 869 870 871 872 874 875 881 882 883 884 893 894 895 896 898 899 900 905 912 913 914 915 916 917 919 923 924 1090 1091 1092 1094 1095 1096 1104 1107 1195 1199 3596 1224 1229 1235 1236 1238 1239 1241 1242 1243 1244 1245 1246 1247 1248 1250 1252 1255 1259 1260 1270 1273 1274 1275 1326 1327 1328 1338 1340 1342 1369 1370 1371 1372 1373 1470 1471 1472 1473 1474 1475 1476 1477 1478 1482 1483 1484 1485 1486 1487 1493 1494 1495 1496 1497 1498 1500 1501 1502 1503 1504 1505 1506 1507 1512 1513 1514 1516 1517 1518 1519 1520 1521 1522 1523 1524 1525 1526 1527 1528 1529 1530 1536 1537 1538 1539 1540 1541 1543 1544 1545 1546 1547 1548 1549 1550 1551 1562 1577 1578 1579 1580 1581 1583 1584 1585 1601 1602 1603 1604 1605 1606 1607 1608 1609 1610 1611 1623 1625 1627 1638 1639 1640 1641 1645 1646 1647 1648 1649 1650 1651 1652 1653 1655 1656 1657 1658 1659 1660 1661 1662 1663 1664 1665 1666 1667 1668 1669 1674 1675 1676 1678 1679 1680 1681 1682 1685 1686 1687 1689 1691 1692 1700 1701 1702 1704 1705 1706 1708 1709 1713 1725 1726 1734 1737 1738 1745 1746 1747 1748 1749 1750 1751 1753 1757 1762 1763 1764 1765 1767 1769 1772 1834 1836 1847 1852 1853 1854 1855 1856 1859 1863 2002 2005 2007 2008 2011 2024 2026 2030 2031 2032 2033 2052 2053 2055 2060 2061 2065 2068 2069 2087 2089 2091 2096 2098 2099 2100 2101 2102 2105 2106 2107 2109 2111 2112 2113 2117 2118 2126 2133 2134 2135 2136 2166 2170 2172 2176 2177 2182 2187 2201 2220 2221 2225 2226 2227 2231 2245 2247 2248 2249 2250 2251 2252 2256 2257 2258 2259 2264 2271 2279 2282 2289 2306 2309 2318 2324 2325 2327 2328 2329 2330 2331 2332 2335 2338 2339 2340 2341 2342 2344 2345 2346 2347 2348 2349 2350 2351 2352 2353 2354 2356 2357 2358 2359 2360 2360 2361 2362 2363 2364 2366 2380 2381 2382 2405 2408 2409 2447 2450 2451 2452 2455 2457 2458 2459 2460 2461 2462 2463 2464 2465 2466 2467 2468 2469 2470 2472 2476 2477 2478 2479 2480 2482 2483 2484 2485 2487 2491 2492 2493 2497 2498 2503 2504 2508 2509 2510 2511 2512 2513 2515 2516 2538 2555 2556 2559 2560 2562 2567 2568 2570 2571 2582 2583 2591 2599 2600 2601 2630 2631 2636 2638 3254 3255 3256 3257 3258 3259 3260 3261 3262 3263 3264 3265 3266 3267 3268 3269 3270 3271 3272 3274 3275 3276 3277 3278 3279 3280 3281 3282 3283 3284 3285 3286 3287 3288 3289 3290 3291 3293 3294 3295 3298 3299 3300 3302 3303 3304 3305 3306 3307 3308 3309 3310 3311 3312 3313 3314 3315 3316 3317 3319 3320 3575 3577 3578 3579 3601 3603 3608 3610 3611 3613 3681 3682 3683 3684 3685 3686 3687 3688 3689 3690 3695 3698 3703 3715 3716 3717 3719 3721 3722 3724 3725 3728 3730 3731 3732 3733 3734 3735 3736 3737 3740 3741 3742 3743 3744 3745 3746 3749 3751 3752 3753 3754 3755 3756 3757 3758 3759 3760 3761 3762 3763 3764 3765 3768 3769 3770 3781 3784 3785 3786 3789 3790 3791 3792 3793 3796 3797 3798 3804 3805 3807 3808 3809 3810 3812 3814 3815 3816 3817 3819 3820 3821 3822 3823 3824 3825 3826 3827 3828 3829 3830 3831 3832 3833 3834 3835 3836 3837 3851 3904 3906 3907 3908 3910 3911 3912 3916 3918 3919 3921 3922 3924 3935 3936 3936 3937 3937 3938 3938 3939 3951 3954 3955 3957 3958 3959 3960 3961 3962 3964 3966 3967 3968 3969 3971 3972 3973 3974 3975 3976 3977 3978 3979 3980 3981 3982 3983 3984 3985 3986 3987 3988 3989 3990 3991 3992 3993 3994 3995 3996 3997 3998 3999 4000 4001 4002 4003 4004 4005 4006 4009 4010 4011 4012 4013 4014 4015 4016 4017 4018 4019 4020 4021 4022 4023 4027 4028 4033 4057 4058 4060 4066 4094 4096 4097 4101 4102 4113 4115 4116 4117 4118 4120 4121 4122 4180 4181 4182 4183 4184 4189 4190 4191 4192 4193 4194 4195 4200 4201 4202 4203 4204 4205 4206 4207 4208 4209 4210 4211 4212 4214 4287 4299 4302 4303 4313 4314 4315 4316 4317 4319 4320 4321 4322 4323 4330 4336 4337 4338 4339 4340 4341 4342 4343 4344 4345 4346 4348 4351 4352 4354 4355 4356 4357 4358 4359 4360 4361 4362 4384 4385 4386 4387 4388 4389 4390 4391 4392 4393 4394 4395 4396 4397 4398 4399 4406 4407 4408 4409 4410 4411 4412 4413 4414 4415 4416 4417 4418 4419 4420 4421 4422 4423 4424 4425 4426 4427 4428 4429 4430 4431 4432 4433 4434 4435 4436 4437 4438 4439 4440 4441 4442 4443 4444 4445 4446 4447 4448 4449 4450 4451 4452 4453 4454 4455 4456 4457 4458 4459 4460 4461 4462 4463 4464 4465 4466 4467 4468 4469 4470 4471 4472 4473 4474 4475 4476 4477 4478 4479 4480 4481 4482 4483 4484 4485 4486 4487 4488 4489 4490 4491 4492 4493 4494 4495 4496 4497 4498 4499 4500 4501 4503 4504 4510 4511 4512 4514 4515 4518 4520 4524 4525 4526 4527 4528 4529 4530 4531 4532 4533 4534 4535 4536 4537 4538 4539 4540 4541 4542 4543 4544 4545 4546 4547 4548 4549 4550 4551 4552 4553 4554 4555 4556 4557 4558 4559 4560 4561 4566 4571 4572 4573 4574 4575 4576 4577 4578 4579 4580 4581 4582 4583 4584 4585 4586 4587 4588 4589 4590 4591 4592 4593 4594 4595 4596 4597 4598 4599 4600 4601 4602 4603 4604 4605 4606 4607 4610 4611 4612 4613 4614 4615 4616 4617 4618 4619 4620 4621 4622 4623 4624 4625 4626 4627 4628 4629 4630 4631 4632 4633 4634 4635 4636 4637 4638 4639 4640 4641 4642 4643 4644 4645 4646 4647 4648 4649 4650 4651 4652 4653 4654 4655 4656 4657 4658 4659 4660 4661 4662 4663 4664 4665 4666 4668 4670 4671 4672 4673 4674 4675 4676 4677 4678 4679 4680 4681 4682 4683 4684 4685 4686 4687 4688 4689 4690 4691 4692 4693 4694 4695 4696 4697 4698 4699 4700 4701 4702 4703 4704 4705 4706 4707 4708 4709 4710 4711 4712 4713 4714 4715 4716 4717 4718 4719 4720 4721 4722 4723 4724 4725 4726 4727 4728 4729 4730 4731 4732 4733 4734 4735 4736 4737 4738 4739 4740 4741 4742 4743 4744 4746 4748 4749 4750 4753 4758 4765 4766 4830 4831 4832 4836 4838 2629 4147 54 4400 4333 4334 4335 4349 4350 4353 4383 4325 4326 4327 4328 4329 4318 4308 4309 125 4310 4311 4294 4295 4296 4297 4298 4300 4301 4288 4312 4306 4293 228 4751 4134 3292 4196 3345 1048 1049 803 2605 2115 2116 2119 1862 1861 2027 2635 2070 2067 1944 2042 2016 2017 2018 1987 790 2014 2012 2013 2015 2006 2104 4197 4837 1113 1114 4816 4803 4804 4805 4806 1117 1119 1120 4817 4818 1845 3766 3767 3963 1593 1329 1634 2514 1452 1453 1560 2056 2003 2554 3739 2496 2336 4401 2290 2287 2132 2129 5006 5007 5008 5009 5010 5011 2114 2090 926 927 928 930 932 933 934 1288 1289 1290 4076 4077 4079 4080 4081 4087 4088 1231 1228 4099 4104 4105 1232 4098 1132 1768 1191 1192 1198 1202 1203 3598 3599 3600 1201 4854 4855 4857 4861 4879 4880 4881 4882 4883 4884 4885 4886 4887 4888 4889 4890 4891 4892 4893 4894 4895 4896 4897 4898 4899 4900 4901 4902 4903 4904 4905 4906 4907 4908 4909 4910 4911 4912 4913 4914 4915 4916 4917 4918 4919 4920 4921 4922 4923 4924 4925 4926 4927 4928 4929 4930 4931 4932 4933 4940 4978 4979 2393 4994 4995 485 5039 5041 5042 5043 5044 5045 5049 5050 5051 5053 5054 5055 5056 5057 5058 5059 5060 5061 5062 5063 5064 5065 5066 2110 5017 5018 5019 5022 5023 5024 5025 5026 5030 3639 5087 5088 1339 3602 880 4103 4119 1227 1233 4114 4107 4108 4109 4110 4111 4112 1234 1237 5100 5101 5102 5103 5104 5105 5106 5107 5108 861 5096 3318 784 773 785 1115 967 1051 925 2186 4875 4876 4877 2471 2474 2486 3597 2397 2394 2302 5040 3947 3944 3948 5112 5113 5114 5115 5116 5117 5118 5125 5126 5127 5131 2453 2420 2155 2144 5124 247 
}

temperate_climate = {
	786 818 674 675 669 3330 678 964 3321 1056 1050 3565 3353 1054 5002 1055 3351 975 3346 3347 3348 1037 3450 3486 3324 3397 980 3398 3394 1045 3395 1047 979 973 668 3616 969 3533 972 3327 3326 3329 974 976 1036 970 971 3618 673 3625 3624 965 966 968 3322 3323 3619 3773 3772 806 787 772 807 810 664 665 666 667 811 3620 3622 3623 3627 3628 3630 812 813 808 3640 584 641 1 20 305 310 311 312 313 316 322 324 325 326 327 329 330 331 332 333 334 335 338 340 343 345 348 366 367 372 374 380 393 396 535 574 2242 2557 544 555 549 554 556 558 559 560 561 562 563 566 688 689 690 691 692 693 694 695 696 697 698 682 683 684 685 3331 3332 3333 3334 3335 3336 3337 3338 3339 3340 3341 3342 3343 3344 3349 3350 3355 3356 3357 3358 3359 3360 3361 3362 3363 3364 3365 3366 3367 3368 3369 3370 3371 3372 3373 3374 3375 3376 3377 3378 3379 3380 3381 3382 3383 3384 3385 3386 3387 3388 3389 3390 3391 3392 3393 3399 3400 3401 3402 3403 3405 3406 3408 3409 3410 3411 3412 3413 3414 3415 3416 3417 3418 3419 3420 3421 3422 3423 3424 3425 3426 3427 3428 3429 3430 3431 3432 3433 3434 3435 3436 3437 3438 3439 3440 3441 3442 3443 3444 3445 3446 3447 3448 3449 3451 3452 3453 3454 3455 3456 3457 3458 3459 3460 3461 3462 3463 3464 3465 3466 3467 3468 3469 3470 3471 3472 3473 3474 3475 3476 3477 3478 3479 3480 3481 3482 3483 3484 3485 3487 3488 3489 3490 3491 3492 3493 3494 3495 3496 3497 3498 3499 3500 3501 3502 3503 3504 3505 3506 3507 3508 3509 3510 3511 3512 3513 3515 3519 3520 3521 3525 3526 3527 994 996 997 998 999 1000 1001 1003 1005 1006 1007 1008 1009 1010 1011 1012 1013 1014 1015 1016 1017 1018 776 1020 1021 1022 1023 1024 1025 1026 1027 1028 1029 1030 1031 1032 1033 1034 1035 1042 1043 1044 1053 1058 1059 1060 1061 1064 1067 1068 936 937 938 939 940 941 942 943 944 945 946 947 948 949 950 951 952 953 954 955 956 957 958 959 960 961 962 963 977 978 989 3325 3328 3536 3537 3538 3539 3540 3541 3542 3543 3544 3545 3546 3547 3548 3549 3550 3551 3552 3553 3554 3555 3556 3557 3558 3559 3560 3561 3562 3563 3564 349 350 351 352 353 354 355 356 357 358 359 360 361 362 363 364 365 699 700 701 702 703 705 706 707 708 709 711 712 713 714 715 716 548 680 545 546 552 625 626 627 628 629 630 631 632 633 634 635 636 637 638 640 642 643 644 645 646 647 648 649 650 651 652 653 654 655 656 657 659 660 661 662 663 717 718 719 2658 597 598 599 600 590 591 592 593 594 595 602 603 604 605 606 611 612 613 614 615 767 768 769 618 616 619 622 623 624 3774 3775 3776 3777 3778 3779 3631 3632 3633 3634 3635 3636 3637 774 775 783 789 795 796 797 798 799 5095 5097 5098 832 809 802 804 670 671 672 676 677 2589 2590 2674 2688 3589 2584 1941 1947 1949 3771 3780 639 588 3621 3617 3626 2620 2660 2690 2665 2666 2646 2639 2619 2669 2643 2642 2675 2686 2649 2683 2698 2681 2613 2569 2577 3696 3750 3747 3655 3697 1644 1087 2633 1086 1082 1083 1084 2617 1071 1085 1553 2663 2699 1554 3651 1622 61 4070 4071 4072 4073 4074 4078 4091 4093 4095 4123 4124 4125 4126 4127 4128 4129 4130 4131 4133 4137 4142 4164 4170 1938 3638 2533 2657 75 59 4175 4177 4178 4135 4136 4138 4139 4140 4141 4143 4144 4145 4146 4148 4149 4150 4151 4152 4153 4154 4155 4156 4157 4158 4159 4160 4161 4162 4163 4165 4166 4167 4168 4169 4171 4172 4173 4174 46 53 55 56 57 58 64 65 66 68 69 70 71 72 73 4132 63 67 48 50 51 52 49 25 26 27 28 30 32 33 34 36 38 40 41 42 22 2597 15 16 17 19 21 250 4565 4567 4506 4507 4509 4505 248 249 246 4754 4755 4756 4757 4745 4747 235 238 239 240 4568 4569 4570 176 4513 161 177 4608 4609 4562 4516 4519 160 4521 4523 4502 4508 4285 4759 4760 4761 4762 4763 4764 4563 4564 4517 4522 158 7 2595 4281 4283 4284 4286 4289 117 118 119 79 92 4215 4216 4264 83 4185 4279 3629 3574 3576 3584 1093 885 886 887 888 3609 3582 3581 2614 1099 890 3707 3705 3706 1489 3718 1557 3811 2280 3813 2254 2255 2128 2270 3273 2274 3806 2273 2272 2268 3802 2266 2277 2269 2267 3801 2265 3803 2204 3297 2206 2202 4835 889 3580 3588 4064 4061 4062 4063 1295 1296 1301 1305 1306 1307 1309 1312 3843 3844 3845 3846 3847 3849 3861 3862 1304 1002 1356 1360 3875 3890 3891 3892 3893 3894 3895 3896 3897 3898 1283 1285 1287 3871 3872 3873 3869 3870 3867 3889 3899 3900 3901 3902 3903 1281 3909 3965 3970 3934 3932 1253 3856 3857 3853 1314 1278 1279 1280 1282 3905 4024 4034 4035 4043 4044 4059 4055 4056 1277 1276 1271 1272 4038 4039 4029 4030 4031 4041 4036 4047 3915 3917 3913 3914 3927 1249 3925 3926 3928 3929 3929 3930 3930 3931 3931 3933 3933 3935 3946 3940 3941 1251 1261 1262 1263 3920 3923 3864 1256 1254 4037 4040 3839 1322 1324 3842 1334 1335 1337 1333 1355 1357 1358 1359 1346 1347 1348 1349 1350 1351 1353 2572 1376 1361 1362 1363 1364 1366 1368 1531 2525 1378 1424 1374 1450 1451 1431 1432 1448 1434 1435 1436 1437 1440 1382 2541 2529 1771 1383 1912 1380 2551 2536 2553 1429 1381 610 2531 1459 1455 1499 1418 1421 1445 1439 1446 1630 2501 2603 3794 2505 2488 2058 2235 2214 2218 2213 681 547 3799 3800 2219 2197 2198 2199 4839 4840 4841 4842 4843 2191 2192 2193 2183 2184 2185 2150 2576 1427 2124 2049 2057 2059 2063 2064 2039 2040 2036 2066 2120 2121 2037 2048 2038 2043 2044 2046 2041 2023 2019 2020 2021 2022 2034 2035 1988 1989 1990 1760 2009 2001 1985 1984 1982 2000 1977 1978 1980 1976 1972 1718 1721 1722 1975 2624 1974 1761 1719 1998 1843 1844 1846 1832 1969 1970 1971 1965 1966 1967 1968 1822 1717 1819 1820 1963 1960 1937 1942 1950 1924 1925 1926 1927 1928 1928 1929 1930 1933 1935 1939 1940 1913 1914 1915 1917 1918 1919 1920 1921 1922 1923 1910 1907 1908 1905 1906 1880 1881 1882 1883 1892 1893 1895 1896 1897 1898 1899 1792 1793 1794 1797 1798 1799 1877 1878 1785 1900 1936 1943 2122 2448 2449 2441 2442 2416 2417 2418 2419 2421 2422 2423 2413 2424 2425 2426 2456 2444 2445 2438 2439 2440 2434 2435 2429 2550 2319 2316 2275 2238 2181 2182 2178 2179 2180 2171 2168 2169 2161 2156 2162 2163 4217 4198 2209 2210 2211 2212 2224 601 2223 2236 2561 2229 2343 4846 4847 4848 4850 4851 4852 4853 4856 4858 4859 4860 4862 4863 4864 5003 5004 5005 5013 5015 5016 5099 3641 3642 2608 2207 2678 1341 1297 1303 3876 1316 1317 1318 1319 3852 3879 3880 3883 3887 3945 3950 3942 3943 3840 3841 1323 1321 1320 2566 1257 3949 1345 1330 1331 1332 1343 1344 3952 1258 3956 1354 1352 1442 1443 1444 1425 1379 1441 1377 2519 1367 1365 1637 2281 2253 2262 2215 687 2216 2222 2217 4669 2194 2195 2165 2200 2196 2208 2203 1723 4834 3296 2205 2190 2189 2164 1385 1386 1387 1388 1389 1390 1391 1392 1405 1406 1408 1409 1410 1398 1399 1403 1404 1400 1407 1411 1413 1414 1415 1416 1417 1454 1401 1428 1420 1422 1438 1430 1433 1447 1449 2528 2530 1426 1423 1394 1397 1393 1456 1457 1458 1460 1461 1462 2518 2579 2517 2521 1654 2524 2523 2537 2539 2534 1097 2535 2520 2125 2123 2127 1986 1991 1997 1996 1946 1992 1993 1994 1995 1754 1983 1981 1962 1959 1973 1958 1956 1957 1961 1931 1932 1934 1955 1954 1909 1894 1884 1885 1886 1887 1888 1889 1890 1891 1879 2278 2237 2243 2239 1979 2240 2241 2410 2411 2414 2415 2412 2402 2404 2403 2532 2401 2407 2549 2321 2301 2286 2288 2260 2263 2261 2283 2284 2294 2276 2230 2233 2228 2232 203 2575 1463 2454 1395 1396 1384 1402 1419 2565 1464 1375 3838 1325 2406 2244 2188 2522 2527 2542 2543 2547 2548 2545 801 2546 686 2552 2526 2544 2540 2689 4845 4844 4849 4981 2372 2371 2369 2368 2373 4968 4969 4971 4980 4991 4992 4993 4935 4936 4946 2379 2310 2311 2313 2315 4996 4997 4998 5069 5070 5071 5072 5073 5074 5075 5076 5077 5078 5079 5083 5084 5085 5086 5089 5090 5091 5092 5109 2028 1857 1860 1864 5067 867 557 891 892 4820 1128 4810 4788 1134 1642 1643 1670 1671 1672 1673 1677 1619 1620 1621 1624 1626 1631 1632 1633 1635 1636 1628 1629 2696 1073 3644 3645 3646 3647 3648 3649 3650 3653 3654 3661 3662 3663 3664 3666 3667 2618 1552 2672 1555 1533 1479 1480 1481 3652 3665 3669 3668 1510 2062 1559 3699 3700 3701 3702 3704 1561 1572 1573 1574 1575 1576 3694 3695 1508 1511 1509 1542 3680 3671 1612 1613 1614 1615 1616 1617 3672 3674 1492 3691 3692 3693 1515 1618 3675 3676 3677 3678 3679 1564 1565 1566 1567 1568 1569 1570 1571 1563 4812 4667 2436 2431 2432 2428 1336 1313 3848 3850 4982 3953 5122 5128 5129 5132 5133 5134 5135 5136 5137 5138 5139 5140 5141 5142 5143 5144 5145 5146 5147 5148 5149 5154 5157 5158 5159 5160 5161 5162 5163 5164 5165 5166 5167 2446 5130 2443 5119 5120 5121 5123 2430 2174 24 4752 237 1019 2050 2051 60 5169
}

harsh_climate = {
	3173 44 506 921 910 908 909 906 902 328 901 3583 583 1098 1100 1101 4776 4777 4779 4780 4781 4782 4783 4784 4785 4786 4787 4789 4796 4797 4808 4809 4811 4813 4814 4815 4819 4821 4822 4823 4824 4825 4826 4827 4828 1116 1110 1111 1112 1118 1121 1122 1123 1124 1125 1127 1131 1133 1135 1136 5111 866 868 1147 1150 873 876 877 878 541 551 3605 3606 3607 1108 1109 4833 4829 1138 3570 3571 3572 3573 1105 105 1106 1102 3352 1057 3567 3568 1103 1052 1046 1039 3354 1040 1038 2610 1183 2612 1184 1181 2664 1187 3590 1188 3592 3569 3566 495 496 497 500 503 504 505 507 508 515 483 487 488 489 490 491 481 480 1690 1693 2563 1707 1703 1710 1743 1744 1732 1731 1733 1735 1736 1310 1311 1315 3854 3855 3858 3859 3860 3863 1284 121 1490 3714 3712 3713 1491 3698 3657 3658 3659 3660 1532 1534 1467 1465 3877 1308 1302 1300 3865 3866 1286 3868 3878 3881 3882 3884 3885 3886 3888 1299 1298 3874 3787 3783 2473 1469 2495 3788 2481 3782 2604 2489 2490 1590 3396 2606 1186 4801 1137 4778 4772 4795 1196 1206 1213 1209 1216 1217 1218 1223 922 3535 4068 4069 1292 4075 4065 1294 1291 4045 4046 4049 1269 1264 1268 4025 4026 4051 4052 4053 4054 2045 2047 2029 1868 1869 1870 1865 1850 1848 1830 1839 1840 1841 2054 2108 2071 2073 2072 2074 2075 2076 2574 2082 2080 2004 2103 2097 1999 2094 1821 1823 1818 1953 1951 1945 1948 1810 1904 1901 1902 1800 1801 1796 1790 1786 1787 1788 1783 2081 2337 2433 2437 2367 2312 2384 2383 2386 2374 2376 2355 2175 2173 2167 2159 2158 2160 2153 2154 2145 2142 2146 2149 2148 2147 4402 4403 4404 4405 138 2157 4188 4186 80 4278 95 82 91 93 4218 4219 4220 4221 4222 4223 4224 4240 4241 4242 4243 4248 4249 4250 4251 4258 4259 110 4261 4262 112 4267 4268 4269 4270 4271 4272 4273 4274 4275 4276 113 114 115 116 4265 4266 4280 4282 4290 4291 4292 4304 4305 4307 4324 4331 4332 4347 4363 4364 4365 4366 4367 4368 4369 4370 4371 4372 4373 4374 4375 4376 4378 4379 4380 4381 4382 135 122 124 127 2596 2598 29 35 2592 2628 2625 103 4244 4245 4247 4252 4253 4254 4255 4256 4229 2234 3656 1468 1197 1200 1207 1210 1211 2581 1189 1190 1185 1240 4007 4008 4106 4100 1230 4092 1219 4067 4042 4050 1180 4048 4032 106 107 108 109 501 1266 1600 4865 4866 4872 4873 4941 4942 4943 4944 2395 4950 4945 4947 4934 4937 4938 4939 4956 4957 2385 4963 4964 4965 2370 4970 4972 4973 4974 4975 4976 4977 2377 2378 2365 2334 2400 2399 2390 2326 4999 5000 5001 5012 5014 1802 1807 1804 5027 5028 5029 5031 5032 5035 5036 5038 5046 5047 5048 5052 5033 5021 1791 5080 5081 5082 5093 5094 5110 879 3604 1809 1842 1866 1041 5020 5068 1795 39 317 344 339 2697 3818 1952 1903 1808 1811 1829 2573 2392 1267 3534 1589 1587 1586 1588 3708 3748 3726 3727 1089 1088 1212 3591 3587 1582 4246 4257 97 4230 4225 4199 4990 1964 907 897 903 904 1215 1149 253 252 1916 5155 5156 5152 5153 5150 5151 2427
	
	3 10 62 94 98 101 111 306 307 314 315 318 319 320 321 323 336 341 342 346 533 981 982 983 984 985 987 988 990 991 992 993 995 1004 1062 1063 1065 1066 1070 1072 1074 1075 1076 1077 1078 1079 1081 1129 1148 1466 1716 1766 1825 2078 2285 2300 2314 2580 2587 2588 2594 2611 2622 2626 2641 2644 2645 2648 2650 2652 2653 2656 2671 2676 2677 2679 2682 2693 2694 2700 2701 2702 3404 3407 3514 3516 3517 3518 3522 3523 3524 3528 3529 3530 3531 3532 3585 3586 3593 3612 3614 3615 3643 3720 4187 4231 4233 4239 4277 4176 4179 77 74 44 4798 1806 4 5 6 8 9 11 12 23 31 37 43 47 76 986 1069 1080 2593 2615 2616 2621 2623 2627 2634 2637 2640 2647 2651 2654 2655 2659 2661 2662 2673 2680 2684 2685 2687 2691 2692 2695 1595 4263 4260 1688 2499 2500 1827 1828 1831 18 5168
}

inhospitable_climate = {
	45 251 2632 2010 1911 3246 2670 2667 2668 1208 4226 4227 4228 4213 96 2138 4238 4236 4237 100 102 2137 2141 2140 136 2143 2151 2152 4377 105 101 99 4235 4234 4232 3301 104 2291 2292 2320 2293 2295 2296 2297 2298 2299 2317 2303 2304 2246 2578 2305 2307 2308 2323 2322 4966 4967 4987 4988 4989 4983 4984 4985 4986 2375 4959 4960 4961 4962 4958 4953 4954 2388 2387 4952 4948 4949 4951 4955 2389 4874 4878 2391 4870 4871 2396 2398 4868 4869 2131 4867 2130 2077 2079 2084 2085 2086 2083 2088 2093 5037 2558 5034 2095 2092 2025 1759 1867 1871 1872 1873 1874 1875 1849 1851 1858 1833 1838 1835 1837 2564 1758 1770 1752 1755 1756 1739 2585 1826 1824 1813 1817 1814 1815 1816 1803 1805 1742 1724 1711 1712 1714 1720 1715 1697 1683 1684 1698 1694 1699 1695 2609 1775 1776 1777 1778 1781 1782 1774 1784 1789 1265 1293 2494 2502 2506 2507 2475 2602 1779 1780 1696 1773 1740 1728 1727 1729 1730 1741 911 929 931 1154 1156 1151 1152 1153 1155 1157 1159 1160 1161 1162 1163 1164 1165 935 1167 1168 1169 1170 1171 1172 1173 1174 1175 1176 1177 1178 1179 1412 2586 4084 4085 4086 1221 1222 4082 4083 1141 1142 1143 1144 1145 1146 918 1166 920 4774 4775 4770 4767 4768 1220 1214 4769 4773 4790 4791 4792 4793 4794 4799 4800 4802 1140 1130 1139 4771 1126 4807 1194 1204 1205 3594 3595 1158 1812 1182 1193 1594 1597 1598 3670 2607 3723 3729 3738 1596 1599 1535 3709 3710 3711 1488 1556 1558 1591 3673 1592 1225 1226 4089 4090 1876 3795 2139 568 2333
}
